1801399.150000
1718985.375000
1849439.175000
2053653.675000
1959767.150000
2042057.175000
2016928.825000
2060208.425000
1839746.725000
1664474.625000
1841706.525000
1749665.525000
1869883.225000
1868755.650000
1699446.750000
1737690.875000
1765450.550000
1924349.275000
1906956.450000
1883452.700000
1946090.100000
2055062.325000
2083191.925000
2602030.575000
1956268.625000
2158698.050000
2118412.025000
1967273.425000
1776999.425000
2060451.775000
2305294.925000
2077741.500000
1984867.300000
2160003.600000
2198231.850000
1782054.250000
1928194.525000
1966040.525000
1853299.250000
2043357.750000
2134774.775000
1916861.125000
2234942.300000
1928147.750000
2036818.075000
1960246.525000
1947490.025000
1609189.800000
1843603.650000
2021814.800000
2075233.075000
2139166.900000
1735193.275000
1875125.500000
1939853.300000
1539640.425000
1865342.400000
2040613.750000
1845004.525000
2038880.650000
1918583.300000
1764408.775000
1612792.300000
1905546.475000
1836396.525000
1782086.275000
1862753.050000
2451490.350000
2295512.425000
1906509.725000
2029315.625000
2193602.675000
3123465.150000
2038287.550000
2252970.450000
1595250.475000
2004918.100000
1955612.425000
2052836.975000
1805214.050000
1801350.775000
2079837.675000
2058239.275000
1857928.625000
2359545.650000
2059690.150000
1882195.800000
2059108.650000
1905637.175000
1862034.675000
1809879.175000
1675943.975000
1786697.075000
1722801.925000
1627179.225000
2053779.900000
2084880.700000
1892215.350000
1929087.750000
1125075.675000
